0.004967 0.000000 0.006477 0.015232 0.000000 0.000000 0.023121 0.053516 0.179232 0.479496 0.786775 0.886817 0.803517 0.781964 0.874225 0.785787 0.463942 0.187070 0.036762 0.000000 0.015408 0.000000 0.000677 0.000000 0.000000 0.001109
0.000000 0.003757 0.000000 0.000000 0.000000 0.020176 0.012783 0.056352 0.238208 0.512764 0.804950 0.837973 0.741545 0.756796 0.864954 0.804575 0.523816 0.226971 0.052144 0.005719 0.000000 0.010711 0.003444 0.000000 0.003241 0.000000
0.000000 0.006117 0.010311 0.009337 0.000000 0.000118 0.024053 0.101204 0.270503 0.564966 0.794290 0.811734 0.721971 0.727408 0.822976 0.815389 0.570439 0.268843 0.095062 0.036120 0.002852 0.015986 0.000000 0.008220 0.000871 0.000000
0.000918 0.000000 0.000000 0.003635 0.015499 0.000451 0.022792 0.113440 0.327420 0.603281 0.795765 0.795795 0.678362 0.687078 0.783641 0.797786 0.596073 0.303631 0.121418 0.033487 0.005685 0.000000 0.000000 0.000000 0.000000 0.000000
0.000000 0.004041 0.018873 0.001894 0.003947 0.008356 0.024031 0.146674 0.358395 0.649870 0.789842 0.761957 0.644467 0.633128 0.770370 0.799285 0.633148 0.348699 0.160967 0.029200 0.014969 0.023276 0.000000 0.000000 0.000997 0.000000
0.000000 0.000688 0.000000 0.005040 0.000000 0.029223 0.049668 0.172703 0.401346 0.631175 0.781150 0.741860 0.599493 0.617414 0.731387 0.786693 0.631114 0.380006 0.181143 0.060470 0.016228 0.005856 0.000000 0.002351 0.002933 0.000000
0.018658 0.004743 0.000000 0.007135 0.000000 0.027418 0.084935 0.196352 0.433845 0.659836 0.771710 0.719280 0.586735 0.581652 0.691417 0.755331 0.654938 0.427623 0.207326 0.081620 0.019677 0.018406 0.000000 0.027264 0.006262 0.000000
0.000000 0.004837 0.000000 0.008126 0.010618 0.025811 0.081865 0.217010 0.446289 0.671415 0.748592 0.661071 0.567022 0.569143 0.664690 0.747988 0.663433 0.439324 0.235736 0.095941 0.037369 0.016424 0.000000 0.000000 0.005162 0.005139
0.005153 0.038553 0.005938 0.012950 0.018029 0.041119 0.104861 0.265790 0.465256 0.663404 0.723545 0.649218 0.566687 0.524868 0.655262 0.712272 0.661052 0.483874 0.258843 0.097236 0.027452 0.015285 0.000000 0.002394 0.000481 0.000000
0.021444 0.006388 0.000000 0.004301 0.005087 0.052125 0.118044 0.281174 0.496217 0.673891 0.697806 0.621507 0.518913 0.517130 0.642507 0.713859 0.652625 0.500346 0.303543 0.136294 0.028407 0.006862 0.015106 0.000000 0.004487 0.007751
0.000000 0.000000 0.000000 0.000000 0.013002 0.040871 0.160150 0.289996 0.501237 0.663204 0.705447 0.588436 0.517053 0.505524 0.592980 0.695656 0.663887 0.499635 0.304995 0.139972 0.054484 0.022149 0.019406 0.000000 0.021420 0.000000
0.000000 0.006035 0.003783 0.000000 0.017845 0.058729 0.155371 0.332510 0.520328 0.649394 0.681328 0.585202 0.496743 0.494911 0.573839 0.666730 0.663796 0.522862 0.323805 0.162438 0.076435 0.014011 0.010417 0.000000 0.000000 0.011007
0.008288 0.008380 0.014480 0.006861 0.031669 0.071231 0.181269 0.340147 0.525871 0.654938 0.645702 0.583678 0.463011 0.460929 0.574335 0.661801 0.655227 0.531185 0.341326 0.169055 0.075092 0.018078 0.016402 0.000000 0.000000 0.000000
0.004186 0.000000 0.000000 0.011099 0.032676 0.080117 0.189207 0.358960 0.515945 0.626204 0.628636 0.542435 0.461752 0.473397 0.553147 0.634221 0.640088 0.520401 0.356455 0.191030 0.088414 0.021954 0.013856 0.017332 0.000000 0.004074
0.006992 0.000000 0.004966 0.011099 0.036954 0.088316 0.209034 0.374658 0.548182 0.640118 0.639759 0.519809 0.453929 0.447039 0.549381 0.610144 0.622128 0.527677 0.348439 0.203531 0.088455 0.037481 0.014390 0.021487 0.010055 0.000000
0.000000 0.005699 0.000000 0.031878 0.053810 0.102070 0.205416 0.394222 0.533799 0.632371 0.585216 0.505410 0.432700 0.433118 0.506903 0.607389 0.609317 0.533521 0.381886 0.227692 0.113878 0.030769 0.000000 0.016368 0.004103 0.000000
0.015716 0.002226 0.016401 0.017084 0.068862 0.134756 0.232649 0.399508 0.540984 0.622586 0.575004 0.503111 0.431461 0.403289 0.484418 0.564261 0.606206 0.541706 0.404816 0.235879 0.133489 0.034453 0.000000 0.004053 0.004910 0.000000
0.000000 0.000531 0.000000 0.026174 0.058275 0.117865 0.241401 0.386564 0.532051 0.606973 0.558863 0.486988 0.404506 0.401880 0.480877 0.558368 0.591886 0.520699 0.416804 0.246892 0.120266 0.056749 0.018354 0.003564 0.007564 0.007866
0.000000 0.000000 0.004332 0.000000 0.045848 0.150529 0.273206 0.400435 0.535375 0.588815 0.584156 0.479620 0.398094 0.389818 0.452359 0.555401 0.578139 0.515387 0.396460 0.245941 0.153731 0.069816 0.022652 0.021882 0.002618 0.000000
0.015770 0.007726 0.000000 0.024231 0.058599 0.132100 0.275076 0.426344 0.511534 0.579484 0.532079 0.450746 0.383583 0.380867 0.456102 0.530276 0.576559 0.525017 0.404860 0.256739 0.140161 0.074909 0.031144 0.000000 0.003331 0.008053
0.000000 0.008334 0.003463 0.035353 0.065978 0.136374 0.257479 0.410755 0.523176 0.552928 0.530751 0.426853 0.379496 0.368046 0.436950 0.524839 0.553367 0.516734 0.420337 0.267985 0.162780 0.062313 0.034945 0.024504 0.000000 0.000000
0.006672 0.001503 0.015472 0.027192 0.080577 0.160757 0.292305 0.414678 0.518312 0.546005 0.505814 0.427600 0.375217 0.367063 0.434824 0.531444 0.558835 0.511675 0.424146 0.276546 0.141933 0.069630 0.014524 0.008246 0.003718 0.017665
0.004399 0.002042 0.021819 0.014740 0.087966 0.177294 0.271705 0.424396 0.512102 0.534218 0.503868 0.443649 0.364632 0.365295 0.416348 0.489042 0.546674 0.500156 0.413674 0.281715 0.174375 0.088947 0.047227 0.008425 0.001534 0.000000
0.000000 0.008767 0.022935 0.031250 0.099966 0.189789 0.295544 0.431633 0.494295 0.514309 0.467109 0.425433 0.361284 0.354185 0.413273 0.473641 0.551213 0.503325 0.413959 0.298668 0.181043 0.093509 0.032567 0.020080 0.023815 0.014844
0.017614 0.000701 0.007368 0.042805 0.097217 0.193203 0.278524 0.427258 0.493398 0.511044 0.462614 0.383931 0.355254 0.347755 0.387580 0.459785 0.511955 0.511668 0.409366 0.280417 0.179803 0.093933 0.017094 0.016721 0.003504 0.008645
0.020496 0.017949 0.016514 0.036530 0.127492 0.188273 0.298812 0.410107 0.489615 0.502624 0.455300 0.385458 0.339300 0.334194 0.383798 0.462101 0.501518 0.502674 0.383839 0.309587 0.200142 0.081025 0.044168 0.015489 0.000000 0.000000
0.000000 0.025120 0.030525 0.063762 0.113765 0.181220 0.295900 0.413008 0.467849 0.500171 0.447374 0.378033 0.339641 0.336974 0.378171 0.461370 0.482230 0.486230 0.414045 0.298050 0.195772 0.094037 0.060287 0.019319 0.002370 0.012850
0.000000 0.000000 0.007576 0.060455 0.098216 0.214321 0.282111 0.422304 0.474456 0.481277 0.433487 0.377006 0.325334 0.336743 0.374157 0.440440 0.478608 0.471776 0.408417 0.285828 0.183291 0.118453 0.056103 0.021302 0.008734 0.006218
0.000000 0.001747 0.027069 0.047839 0.119250 0.183466 0.314378 0.406823 0.467071 0.481515 0.445149 0.374743 0.300734 0.306347 0.358351 0.428755 0.476865 0.457253 0.403964 0.296533 0.194376 0.101101 0.048390 0.011594 0.000000 0.013687
0.000000 0.036858 0.031994 0.062565 0.110405 0.210698 0.298915 0.399672 0.482209 0.460418 0.429922 0.349481 0.312461 0.330519 0.350243 0.436554 0.468456 0.450983 0.404776 0.314397 0.209913 0.103287 0.053445 0.024586 0.009790 0.009788
0.005811 0.000000 0.032782 0.069770 0.128085 0.217218 0.313078 0.399054 0.447972 0.434708 0.413020 0.350808 0.309413 0.293929 0.337920 0.419256 0.450922 0.455488 0.394746 0.305036 0.215794 0.117327 0.064625 0.024357 0.007208 0.000942
0.006724 0.007793 0.043416 0.057511 0.123799 0.204271 0.318808 0.392146 0.451056 0.426651 0.402030 0.350132 0.301609 0.311441 0.336062 0.413453 0.464496 0.437109 0.385726 0.318872 0.224464 0.120440 0.062255 0.028040 0.000000 0.000000
0.000000 0.005931 0.032338 0.071432 0.144043 0.200514 0.313360 0.383513 0.432332 0.438693 0.379092 0.337831 0.296730 0.299990 0.336899 0.414872 0.425567 0.427516 0.379421 0.297962 0.204124 0.140429 0.083295 0.026978 0.005285 0.009701
0.000000 0.020962 0.036483 0.056401 0.146583 0.229885 0.296189 0.377042 0.427820 0.425973 0.388172 0.347131 0.287754 0.281540 0.313236 0.374277 0.422298 0.442907 0.375743 0.304555 0.211762 0.142992 0.096827 0.029145 0.009738 0.015924
0.012805 0.034114 0.041995 0.070267 0.139293 0.224071 0.308986 0.381089 0.427827 0.425249 0.386967 0.326774 0.282476 0.285614 0.332352 0.364976 0.417243 0.413226 0.376304 0.313565 0.214895 0.133851 0.060261 0.043619 0.022101 0.027618
0.003417 0.018836 0.040282 0.091769 0.134435 0.216488 0.305023 0.372843 0.404973 0.406663 0.375719 0.303501 0.280257 0.271926 0.325717 0.349751 0.399133 0.413209 0.386632 0.298286 0.208146 0.154199 0.061514 0.015800 0.021045 0.001474
0.000000 0.024706 0.041782 0.072322 0.124320 0.222819 0.303342 0.364838 0.420272 0.385421 0.341830 0.300536 0.273399 0.276289 0.305043 0.360605 0.383606 0.416243 0.365008 0.308013 0.217522 0.141690 0.083660 0.043821 0.024050 0.020297
0.009482 0.025666 0.039924 0.094168 0.131842 0.232208 0.294099 0.346291 0.395556 0.380939 0.357845 0.294814 0.264461 0.250027 0.296817 0.325200 0.371911 0.401879 0.368457 0.298756 0.204528 0.138128 0.079731 0.029238 0.033610 0.016290
0.005815 0.019770 0.044302 0.060994 0.137377 0.207214 0.281938 0.352496 0.404830 0.386009 0.336320 0.301138 0.278115 0.273368 0.296008 0.335562 0.386583 0.390788 0.364259 0.298306 0.224529 0.134497 0.094585 0.044194 0.040254 0.001132
0.025886 0.022375 0.037017 0.078060 0.137664 0.217865 0.294455 0.344237 0.379304 0.393092 0.352129 0.294024 0.259826 0.260646 0.295796 0.324626 0.369096 0.362861 0.353966 0.295699 0.208792 0.156607 0.070641 0.028888 0.022641 0.018998
0.025861 0.016668 0.055548 0.083850 0.139947 0.221826 0.292865 0.328852 0.387127 0.377750 0.321638 0.288034 0.259829 0.257496 0.278573 0.321178 0.363693 0.384089 0.350052 0.282635 0.220707 0.113188 0.095722 0.027364 0.017633 0.000000
0.000000 0.033691 0.041231 0.088889 0.141810 0.216922 0.284088 0.326419 0.375263 0.351496 0.305576 0.274370 0.265453 0.258948 0.275165 0.317649 0.353217 0.386068 0.343068 0.287620 0.222455 0.144668 0.082834 0.043945 0.021366 0.009135
0.017257 0.023390 0.054298 0.085665 0.143486 0.191147 0.289345 0.337351 0.368347 0.320155 0.335473 0.271982 0.257191 0.235710 0.279506 0.304055 0.342880 0.377507 0.331979 0.282356 0.219830 0.147657 0.087976 0.050621 0.046904 0.009405
0.012453 0.034126 0.059008 0.099256 0.149334 0.198509 0.293279 0.317075 0.354588 0.334452 0.307585 0.271536 0.245090 0.246096 0.284386 0.312762 0.339553 0.361202 0.340433 0.264668 0.215913 0.149959 0.084410 0.061710 0.022119 0.011698
0.009158 0.024484 0.037890 0.073769 0.158977 0.200128 0.263710 0.301682 0.338497 0.321829 0.318467 0.273356 0.230861 0.260267 0.273075 0.298798 0.310066 0.367797 0.309320 0.257170 0.218824 0.167430 0.102012 0.054492 0.030276 0.019423
0.018910 0.027810 0.050716 0.088205 0.135428 0.204315 0.253306 0.316944 0.328458 0.317271 0.297840 0.272318 0.242887 0.217999 0.248501 0.305448 0.318482 0.336097 0.323428 0.260552 0.208175 0.129627 0.082818 0.052872 0.009068 0.015725
0.011539 0.031151 0.052658 0.103018 0.144016 0.201230 0.268015 0.318114 0.332420 0.322137 0.283182 0.247035 0.215730 0.247251 0.241225 0.283273 0.314547 0.340881 0.309731 0.279269 0.198789 0.145553 0.081023 0.071870 0.013751 0.014834
0.018471 0.030353 0.049235 0.088513 0.142870 0.202348 0.272943 0.329588 0.320075 0.301627 0.283641 0.274848 0.217858 0.242286 0.265828 0.278988 0.321015 0.341934 0.303691 0.261269 0.198001 0.132284 0.083318 0.038849 0.026556 0.004434
0.014852 0.011204 0.054994 0.098476 0.122044 0.205757 0.272061 0.290242 0.336224 0.313276 0.271950 0.243996 0.227702 0.222879 0.249941 0.269794 0.310779 0.305361 0.301226 0.250746 0.194661 0.154343 0.101054 0.057777 0.015840 0.009350
0.025007 0.028688 0.075406 0.094307 0.143344 0.197038 0.257577 0.295728 0.320557 0.312574 0.265765 0.226856 0.200062 0.223504 0.229134 0.252096 0.306892 0.338406 0.297192 0.264627 0.200948 0.140434 0.099564 0.049310 0.029945 0.016093
0.006538 0.037660 0.050924 0.082956 0.146130 0.189185 0.252966 0.292138 0.318440 0.301830 0.268142 0.244067 0.228711 0.220387 0.235993 0.255274 0.286432 0.304529 0.286134 0.250815 0.198736 0.146062 0.089809 0.057539 0.028384 0.000000
0.004151 0.026729 0.040974 0.096567 0.155324 0.208332 0.246986 0.302180 0.303299 0.287940 0.257162 0.228689 0.207387 0.212973 0.233319 0.263327 0.295681 0.313719 0.296768 0.234271 0.170605 0.149360 0.076899 0.050823 0.016469 0.000000
0.019264 0.036154 0.047641 0.064630 0.133723 0.197982 0.230768 0.284218 0.296015 0.291478 0.259529 0.217907 0.219769 0.206217 0.227364 0.249000 0.281253 0.287320 0.280655 0.262674 0.180345 0.123049 0.105252 0.051313 0.021872 0.024249
0.008080 0.047178 0.060462 0.085559 0.159851 0.185878 0.249421 0.280561 0.303665 0.295817 0.253817 0.216123 0.209008 0.197631 0.243791 0.254862 0.276548 0.292494 0.264097 0.232284 0.203940 0.131709 0.079969 0.059050 0.040775 0.021326
0.024365 0.021671 0.039687 0.105279 0.134077 0.187259 0.251737 0.278388 0.289806 0.296505 0.242349 0.229048 0.201654 0.203769 0.235054 0.253862 0.280238 0.295972 0.269176 0.230063 0.179319 0.117640 0.110827 0.042873 0.027026 0.011636
0.017728 0.037682 0.062679 0.084197 0.134596 0.190392 0.232441 0.284231 0.284875 0.276992 0.250819 0.227706 0.199636 0.184858 0.219968 0.237676 0.264357 0.285829 0.280540 0.235140 0.190655 0.153290 0.092435 0.080091 0.035180 0.000000
0.022419 0.033589 0.067091 0.096461 0.133792 0.173095 0.229332 0.255061 0.268996 0.270446 0.256409 0.216207 0.182676 0.199080 0.224226 0.233612 0.263220 0.274948 0.255717 0.237905 0.184129 0.139372 0.080854 0.049819 0.037002 0.011157
0.032368 0.026002 0.056513 0.098701 0.119853 0.165481 0.212685 0.271677 0.264232 0.285185 0.229699 0.210478 0.206928 0.211568 0.229248 0.247425 0.269843 0.275676 0.266835 0.222430 0.174907 0.134002 0.087673 0.049733 0.036963 0.024651
0.016178 0.044964 0.042877 0.087033 0.125684 0.162159 0.223664 0.253396 0.279948 0.261076 0.220839 0.223628 0.200652 0.194262 0.202822 0.221486 0.251046 0.275701 0.273460 0.239923 0.175936 0.121656 0.090378 0.036609 0.033421 0.013818
0.010812 0.014403 0.059416 0.083189 0.119930 0.149827 0.220797 0.267977 0.276599 0.245480 0.220901 0.206308 0.175453 0.188455 0.209281 0.239193 0.249050 0.257950 0.241475 0.212803 0.176285 0.135303 0.097652 0.046249 0.045277 0.012761
0.015420 0.023011 0.029985 0.096860 0.137741 0.173454 0.218358 0.251133 0.239642 0.240159 0.230809 0.185687 0.185427 0.168926 0.202894 0.222510 0.229298 0.266915 0.238628 0.209586 0.178273 0.141859 0.077861 0.054844 0.034771 0.022565
0.017544 0.026919 0.045863 0.088345 0.118365 0.144770 0.218707 0.250810 0.227025 0.230863 0.225099 0.215489 0.179812 0.172324 0.193086 0.232656 0.234500 0.242663 0.236943 0.204809 0.175210 0.145334 0.090714 0.051615 0.027671 0.000148
0.024740 0.029892 0.052210 0.118842 0.130763 0.164182 0.206771 0.249130 0.247278 0.222196 0.224235 0.184990 0.195506 0.187574 0.187198 0.227853 0.237258 0.254673 0.242493 0.202571 0.165264 0.138075 0.083563 0.049979 0.021119 0.020145
0.036649 0.020051 0.054102 0.100427 0.125646 0.173945 0.197145 0.237881 0.239866 0.242161 0.223144 0.214395 0.179794 0.177256 0.190443 0.207738 0.235689 0.238784 0.235283 0.220945 0.159356 0.137841 0.099476 0.052679 0.009508 0.009946
0.029094 0.030532 0.043682 0.080622 0.133498 0.172618 0.202156 0.225960 0.233512 0.218907 0.223740 0.182172 0.183448 0.186490 0.195378 0.203270 0.232169 0.237188 0.220591 0.207789 0.155360 0.136968 0.081024 0.055686 0.033594 0.013535
0.022077 0.026024 0.062175 0.071548 0.124990 0.184279 0.191363 0.218957 0.238358 0.225855 0.207495 0.187250 0.174956 0.179705 0.186456 0.201576 0.230785 0.252217 0.224408 0.191621 0.175961 0.122522 0.063281 0.061937 0.025420 0.015305
0.019603 0.032670 0.060319 0.079967 0.127480 0.160047 0.205620 0.228071 0.219749 0.230943 0.195116 0.187467 0.169665 0.184374 0.177151 0.196983 0.219889 0.226071 0.229916 0.182069 0.152105 0.111670 0.093825 0.070331 0.029720 0.014595
0.017043 0.042356 0.043689 0.085998 0.130714 0.165420 0.197040 0.228185 0.198048 0.222981 0.190503 0.158171 0.168538 0.177163 0.175103 0.206573 0.232325 0.238230 0.234574 0.202565 0.161164 0.104943 0.081154 0.044530 0.052447 0.014584
0.017622 0.036207 0.053116 0.099838 0.113343 0.160140 0.184678 0.201307 0.215031 0.212043 0.189399 0.166707 0.146847 0.160079 0.158584 0.201292 0.213237 0.206573 0.211415 0.184581 0.161385 0.132974 0.064136 0.053830 0.029090 0.023104
0.018558 0.023109 0.049186 0.074184 0.128933 0.156210 0.208121 0.210306 0.210222 0.193576 0.172385 0.155003 0.161115 0.163531 0.155033 0.199367 0.203883 0.218774 0.227035 0.198077 0.153311 0.109261 0.060626 0.045185 0.028518 0.006555
0.015139 0.031319 0.049807 0.074887 0.118462 0.158239 0.175259 0.221500 0.212565 0.205289 0.194299 0.170450 0.165555 0.158895 0.161993 0.190832 0.193664 0.214637 0.207059 0.184081 0.152535 0.097957 0.075899 0.052984 0.032149 0.006174
0.029122 0.021796 0.061412 0.084888 0.108915 0.169418 0.171328 0.213132 0.219887 0.194867 0.198015 0.162948 0.156539 0.156255 0.164105 0.192198 0.209508 0.192396 0.216984 0.166640 0.161991 0.126644 0.069707 0.047609 0.019401 0.014316
0.013389 0.038147 0.064468 0.093792 0.108360 0.147442 0.163580 0.192503 0.215942 0.214284 0.168691 0.156910 0.151061 0.154127 0.154739 0.185275 0.193389 0.206149 0.206024 0.180479 0.145170 0.112885 0.078952 0.047664 0.027763 0.032456
0.022073 0.027276 0.057967 0.075707 0.124321 0.151123 0.176540 0.201729 0.187079 0.183495 0.166109 0.161706 0.166369 0.171357 0.166657 0.183057 0.176753 0.197361 0.189374 0.171405 0.145745 0.107869 0.059253 0.058477 0.019503 0.018857
0.037191 0.020905 0.025316 0.075388 0.122213 0.164928 0.162565 0.198978 0.194709 0.190417 0.201574 0.142742 0.149345 0.151484 0.168630 0.176110 0.194557 0.195445 0.196702 0.171429 0.151560 0.107507 0.082019 0.050326 0.041360 0.015936
0.000000 0.042575 0.041171 0.070908 0.103867 0.157033 0.150799 0.222215 0.206574 0.190499 0.171729 0.158175 0.149825 0.151066 0.160876 0.173173 0.186293 0.194501 0.188888 0.183494 0.149224 0.080420 0.084005 0.052176 0.029769 0.012542
0.027638 0.039278 0.042100 0.080709 0.098735 0.127464 0.163233 0.196354 0.202272 0.190262 0.176740 0.158081 0.136048 0.146782 0.160923 0.177032 0.197020 0.199824 0.191245 0.180201 0.140994 0.099633 0.075008 0.042380 0.023051 0.014952
0.008434 0.026561 0.030484 0.077961 0.107102 0.131087 0.173484 0.194064 0.173467 0.174441 0.159072 0.141169 0.148649 0.138416 0.147923 0.146725 0.188423 0.177150 0.185288 0.169665 0.152865 0.094001 0.045633 0.051259 0.047646 0.028748
0.018410 0.024553 0.057075 0.065281 0.110501 0.142339 0.174933 0.209308 0.190341 0.173987 0.163843 0.130576 0.131339 0.134194 0.143026 0.165622 0.170852 0.197627 0.181713 0.164238 0.134006 0.107290 0.083268 0.040333 0.022888 0.013276
0.002803 0.021098 0.043819 0.082948 0.107023 0.137276 0.170327 0.177423 0.187266 0.175121 0.164148 0.140186 0.111871 0.134916 0.160241 0.170756 0.185807 0.195723 0.179683 0.163791 0.129163 0.101237 0.080362 0.060620 0.027896 0.011760
0.016210 0.035117 0.033714 0.050430 0.097564 0.121216 0.154271 0.174466 0.175844 0.187822 0.162215 0.146812 0.140493 0.122883 0.154199 0.158189 0.180002 0.169658 0.160407 0.167531 0.137188 0.094048 0.064696 0.059407 0.017210 0.032631
0.007135 0.035296 0.044433 0.078613 0.096312 0.129909 0.157342 0.163131 0.184866 0.165375 0.154171 0.131704 0.106699 0.130412 0.165773 0.164303 0.170314 0.174829 0.173377 0.162404 0.119728 0.112897 0.079735 0.054901 0.033297 0.016337
0.022801 0.034632 0.043742 0.066037 0.101470 0.145169 0.142169 0.155746 0.176254 0.168289 0.155756 0.141972 0.128180 0.145311 0.123523 0.145737 0.166748 0.158174 0.168662 0.171175 0.129888 0.102759 0.059171 0.041119 0.024961 0.012895
0.028816 0.034087 0.035727 0.073433 0.104147 0.139252 0.168038 0.157597 0.163711 0.152541 0.149302 0.142125 0.138412 0.127779 0.134263 0.153159 0.156765 0.192715 0.151671 0.154080 0.148087 0.099233 0.069067 0.043267 0.026706 0.029728
0.000000 0.043636 0.032160 0.067500 0.093600 0.131938 0.133969 0.169754 0.189338 0.148882 0.151211 0.128814 0.130962 0.126894 0.129019 0.154193 0.180557 0.167186 0.172330 0.137018 0.116488 0.102616 0.085008 0.049955 0.025171 0.015914
0.003335 0.034134 0.054778 0.064849 0.091935 0.126942 0.143346 0.161912 0.187430 0.157500 0.143455 0.126973 0.132345 0.123091 0.126954 0.160251 0.174166 0.160429 0.143908 0.157788 0.117437 0.104541 0.049668 0.054881 0.015977 0.023147
0.015896 0.018333 0.041439 0.075441 0.096453 0.128389 0.165284 0.144427 0.180003 0.158528 0.135824 0.118201 0.121247 0.132355 0.130229 0.159924 0.142973 0.163710 0.147546 0.149156 0.131413 0.091186 0.042536 0.047498 0.032240 0.019796
0.028022 0.016942 0.051865 0.079717 0.076383 0.124032 0.138328 0.156805 0.164765 0.150183 0.135879 0.129942 0.110537 0.110551 0.136394 0.131148 0.161719 0.165914 0.140362 0.136594 0.132776 0.084357 0.063148 0.049683 0.035487 0.013148
0.009596 0.041654 0.062006 0.076801 0.093813 0.111073 0.132959 0.160449 0.162986 0.166698 0.147012 0.112706 0.130234 0.109734 0.123897 0.143009 0.172639 0.189902 0.161291 0.139431 0.124500 0.101836 0.063806 0.062569 0.029731 0.020549
0.022135 0.031422 0.052560 0.060067 0.086185 0.106503 0.143594 0.160669 0.160951 0.167107 0.138370 0.132600 0.107136 0.114182 0.132868 0.146917 0.147423 0.155657 0.137701 0.135629 0.126409 0.097520 0.071246 0.044669 0.027276 0.008872
0.022366 0.031189 0.048646 0.060213 0.069060 0.126855 0.132388 0.141959 0.160934 0.144175 0.146990 0.130296 0.123260 0.102765 0.136246 0.139003 0.144403 0.155433 0.132825 0.141263 0.105590 0.077066 0.050250 0.054853 0.020687 0.030715
0.009919 0.009678 0.032118 0.077074 0.087876 0.108809 0.136795 0.153362 0.162853 0.160365 0.130802 0.109117 0.110694 0.117432 0.112739 0.124829 0.149318 0.151192 0.148672 0.127610 0.111988 0.080193 0.073618 0.053636 0.008289 0.005982
0.000209 0.020022 0.042007 0.049469 0.079076 0.102689 0.135326 0.146844 0.142194 0.145483 0.126987 0.117948 0.130000 0.126670 0.107669 0.140751 0.151829 0.137928 0.154339 0.148633 0.101503 0.079120 0.074142 0.045557 0.032037 0.018580
0.018977 0.013027 0.052876 0.074920 0.084878 0.110760 0.116041 0.149148 0.152915 0.140977 0.141793 0.115647 0.117379 0.101536 0.118753 0.128806 0.143852 0.143499 0.142691 0.139613 0.106827 0.071106 0.080720 0.056217 0.013369 0.021967
0.009934 0.028696 0.044909 0.060147 0.078229 0.102783 0.120328 0.133589 0.144356 0.132373 0.135508 0.132219 0.104431 0.112625 0.122344 0.133408 0.140290 0.152455 0.146729 0.117114 0.118380 0.094940 0.054858 0.042346 0.032894 0.012871
0.025587 0.049469 0.033673 0.047956 0.088017 0.115427 0.125358 0.154387 0.129525 0.144438 0.120808 0.132934 0.128685 0.101093 0.110244 0.135463 0.133638 0.142457 0.140109 0.108470 0.108073 0.078082 0.056835 0.055969 0.013265 0.022989
0.011959 0.022802 0.049006 0.064452 0.089615 0.116443 0.122568 0.131725 0.129990 0.127279 0.154577 0.126614 0.093807 0.094094 0.118986 0.130559 0.141022 0.138292 0.136593 0.129160 0.107620 0.061716 0.058753 0.032588 0.027352 0.044601
0.018313 0.022233 0.049893 0.065172 0.087057 0.111408 0.144699 0.124576 0.143555 0.124339 0.128900 0.103440 0.101732 0.102955 0.122385 0.132529 0.121145 0.139368 0.128789 0.111548 0.103169 0.079771 0.084612 0.045005 0.011593 0.008991
0.024742 0.046023 0.024392 0.040849 0.100531 0.107841 0.113739 0.139312 0.110485 0.131749 0.124920 0.120362 0.094383 0.105379 0.101865 0.124195 0.122762 0.132761 0.124007 0.128933 0.112529 0.079475 0.060031 0.025766 0.022142 0.014026
0.040625 0.013789 0.054475 0.068930 0.083610 0.120163 0.124467 0.135980 0.134379 0.142106 0.130940 0.103387 0.089974 0.101136 0.101643 0.119340 0.142245 0.130337 0.131660 0.121326 0.111061 0.058335 0.052894 0.041946 0.036910 0.009498
0.000000 0.030878 0.033064 0.046387 0.073560 0.099390 0.113058 0.108197 0.141992 0.140816 0.124862 0.096822 0.099823 0.101773 0.114187 0.125030 0.120725 0.133842 0.134826 0.133664 0.108281 0.087694 0.059122 0.053522 0.028778 0.005694
0.028227 0.031432 0.034576 0.052821 0.081787 0.104552 0.119473 0.131571 0.148176 0.137020 0.118660 0.116198 0.090212 0.104516 0.124878 0.114573 0.117828 0.124655 0.117562 0.109652 0.096215 0.064765 0.057772 0.048030 0.015376 0.029386
0.019189 0.034533 0.032022 0.065503 0.066936 0.107534 0.117647 0.132236 0.117616 0.115631 0.121167 0.095917 0.103894 0.085591 0.113882 0.102870 0.130105 0.135629 0.119736 0.121749 0.101236 0.072467 0.046873 0.018974 0.027724 0.000000
0.014922 0.021368 0.044990 0.053290 0.073613 0.104687 0.117741 0.128149 0.132302 0.107542 0.121239 0.110170 0.087847 0.095573 0.103652 0.112326 0.126237 0.141923 0.135805 0.101268 0.103589 0.090197 0.060178 0.049108 0.044125 0.024206
0.016349 0.034230 0.039251 0.055911 0.072462 0.111764 0.104701 0.138633 0.130885 0.107259 0.115857 0.081719 0.103046 0.105643 0.096796 0.113416 0.140794 0.120828 0.112720 0.127702 0.115756 0.076014 0.065787 0.051216 0.016354 0.009003
0.026053 0.040408 0.043038 0.046246 0.094933 0.089607 0.108060 0.125092 0.139743 0.128183 0.114872 0.106054 0.096029 0.101175 0.076126 0.107757 0.122057 0.112692 0.125532 0.109367 0.112471 0.090793 0.050386 0.035901 0.022818 0.009228
0.015583 0.015755 0.025716 0.060653 0.080460 0.085684 0.118924 0.113749 0.125087 0.126274 0.108962 0.104698 0.089256 0.092456 0.098092 0.101832 0.116303 0.107069 0.115153 0.107122 0.091165 0.071750 0.053808 0.041817 0.032083 0.007135
0.001489 0.012700 0.031768 0.050298 0.065584 0.079601 0.103999 0.120311 0.126897 0.110960 0.103774 0.089640 0.092957 0.084788 0.104638 0.090045 0.112938 0.123958 0.120335 0.135490 0.096060 0.063244 0.052863 0.018878 0.022315 0.005190
0.022564 0.017410 0.035095 0.046864 0.089808 0.088209 0.125505 0.125105 0.124195 0.118719 0.110478 0.078413 0.089358 0.100598 0.097201 0.092488 0.114507 0.136415 0.129432 0.106560 0.100935 0.068755 0.036181 0.027018 0.038534 0.010670
0.010865 0.019693 0.054933 0.068891 0.093759 0.088713 0.108785 0.100297 0.132607 0.101885 0.107375 0.085526 0.085157 0.082673 0.090420 0.099816 0.108080 0.126171 0.104415 0.108035 0.102483 0.066440 0.045452 0.033586 0.034489 0.015240
0.007877 0.027319 0.024502 0.058867 0.074826 0.086130 0.096122 0.105131 0.121683 0.124417 0.097530 0.099917 0.069096 0.084120 0.095023 0.094806 0.102762 0.109657 0.116920 0.102635 0.066826 0.049533 0.045984 0.040102 0.000000 0.008192
0.007818 0.036155 0.031313 0.055315 0.071336 0.066830 0.110897 0.114719 0.119950 0.149986 0.081787 0.111439 0.086036 0.091783 0.093737 0.098385 0.105025 0.118162 0.097393 0.110721 0.083974 0.058623 0.046985 0.047735 0.016918 0.016665
0.005662 0.029644 0.041662 0.069412 0.067367 0.093772 0.102931 0.124123 0.106244 0.116802 0.099434 0.092434 0.088793 0.090398 0.091914 0.103528 0.125133 0.123287 0.119856 0.097395 0.078193 0.078676 0.059687 0.049534 0.016025 0.010676
0.000000 0.017936 0.044422 0.045712 0.074743 0.084152 0.103954 0.098318 0.112882 0.078100 0.098292 0.075679 0.098923 0.094637 0.096650 0.115371 0.098522 0.129503 0.119117 0.098348 0.097413 0.057275 0.042132 0.028371 0.016571 0.002298
0.024988 0.019071 0.037637 0.044135 0.049362 0.087750 0.080381 0.107769 0.096976 0.126573 0.108082 0.091972 0.098508 0.077408 0.096349 0.100966 0.109341 0.123382 0.115781 0.102391 0.068501 0.057968 0.048611 0.035045 0.010358 0.036874
0.027815 0.027482 0.034492 0.047186 0.057294 0.084838 0.100897 0.094729 0.112661 0.103867 0.078724 0.081264 0.080764 0.103777 0.095433 0.084447 0.110280 0.093846 0.117974 0.093609 0.083127 0.080071 0.036437 0.019800 0.015625 0.023035
0.000000 0.000000 0.028926 0.054306 0.078076 0.078466 0.093048 0.117406 0.089312 0.100282 0.098566 0.093336 0.078852 0.084294 0.063961 0.090079 0.108702 0.098187 0.106457 0.101631 0.079673 0.067778 0.039161 0.031371 0.027366 0.014116
0.006578 0.023313 0.040254 0.027779 0.076939 0.078790 0.100284 0.116588 0.093013 0.095849 0.092660 0.080005 0.100369 0.074452 0.082287 0.097590 0.090922 0.102773 0.107791 0.092701 0.081219 0.060055 0.033133 0.036324 0.038620 0.012627
0.014593 0.027807 0.020091 0.064802 0.066661 0.097546 0.087591 0.121574 0.113231 0.107277 0.096795 0.084377 0.094114 0.083512 0.067191 0.083283 0.099888 0.108579 0.102827 0.107112 0.061717 0.066073 0.029597 0.040381 0.019935 0.016536
0.003600 0.033486 0.042883 0.053120 0.062646 0.086120 0.086769 0.110753 0.120751 0.111283 0.086092 0.089517 0.068286 0.086941 0.090409 0.074690 0.088959 0.101425 0.099189 0.081744 0.084212 0.066456 0.045342 0.024908 0.031178 0.028793
0.007302 0.014384 0.037065 0.043222 0.061864 0.086832 0.073685 0.114212 0.103788 0.095319 0.091453 0.084589 0.063032 0.095294 0.085378 0.096775 0.108949 0.092850 0.105764 0.090102 0.087903 0.041986 0.045811 0.026125 0.024828 0.016839
0.004963 0.013200 0.030738 0.037362 0.071009 0.074876 0.062673 0.096138 0.091508 0.082003 0.078951 0.085140 0.092776 0.082622 0.077981 0.095884 0.093725 0.094948 0.088343 0.074224 0.074668 0.064170 0.045362 0.027685 0.010865 0.018121
0.000000 0.027902 0.021520 0.038339 0.047266 0.072705 0.100482 0.103926 0.110536 0.102445 0.079291 0.079840 0.070851 0.091959 0.071180 0.099265 0.106153 0.119048 0.094673 0.097852 0.100535 0.055758 0.030513 0.012742 0.027269 0.000000
0.008121 0.024337 0.033097 0.049662 0.063515 0.089676 0.080215 0.090908 0.091910 0.104458 0.098357 0.086781 0.089670 0.066055 0.098941 0.104585 0.103512 0.117455 0.081112 0.084493 0.069534 0.068507 0.034906 0.038820 0.033670 0.018796
0.014586 0.009911 0.022485 0.057457 0.068457 0.075684 0.084589 0.076353 0.087838 0.114226 0.075594 0.083304 0.087108 0.064485 0.083256 0.097778 0.095237 0.127230 0.079925 0.099356 0.074346 0.068383 0.049373 0.023622 0.022080 0.000000
